1.191595 -0.147902 0 8 0.6 1.130564 0.403796 0 9 0.5 0.235294 0.545455 0
1.348216 0.012074 0 7 0.6 1.459662 0.13281 0 7 0.6 0.857143 1.0 1
1.172332 0.073951 0 8 0.6 1.459662 0.13281 0 7 0.6 0.666667 1.0 1
0.564843 0.338062 0 4 0.3 0.800298 0.718381 0 4 0.3 0.75 1.0 1
1.291916 0.380319 0 4 0.3 0.545763 0.43948 1 4 0.4 0.222222 0.857143 0
0.684871 0.887412 0 4 0.3 0.800298 0.718381 0 4 0.3 0.75 1.0 1
1.037511 0.523996 0 5 0.5 0.611205 1.132507 0 5 0.5 0.4 1.0 1
0.625071 1.031088 1 4 0.4 0.611205 1.132507 0 5 0.5 0.6 0.444444 1
1.087264 0.760639 0 5 0.4 0.611205 1.132507 0 5 0.5 0.6 0.444444 1
0.599319 0.712344 1 6 0.2 0.609449 0.92967 1 6 0.2 0.857143 1.0 1
0.538643 0.79686 2 5 0.3 0.609449 0.92967 1 6 0.2 0.714286 0.8 1
0.557265 0.917596 1 6 0.3 0.609449 0.92967 1 6 0.2 0.714286 0.8 1
0.442934 1.070529 0 6 0.4 0.458777 1.211388 0 6 0.3 0.833333 0.857143 1
0.801572 0.808933 0 7 0.5 0.458777 1.211388 0 6 0.3 0.769231 0.5 1
0.455652 1.23956 1 5 0.2 0.458777 1.211388 0 6 0.3 0.833333 0.8 1
0.375119 1.081797 1 4 0.5 0.384522 1.250828 1 4 0.5 0.8 0.8 1
0.361544 1.047991 1 4 0.5 0.384522 1.250828 1 4 0.5 0.8 1.0 1
0.487706 1.132507 1 4 0.5 0.384522 1.250828 1 4 0.5 0.8 1.0 1
0.687906 0.993056 2 2 0.1 0.36105 1.373376 2 2 0.1 0.75 1.0 1
0.421872 1.162087 2 2 0.2 0.36105 1.373376 2 2 0.1 0.75 0.666667 1
0.527234 1.28886 2 2 0.1 0.768579 0.828251 2 3 0.2 0.666667 0.666667 0
1.172604 0.338062 1 4 0.4 1.282576 0.642317 1 4 0.4 0.8 1.0 1
1.172604 0.338062 1 4 0.4 1.282576 0.642317 1 4 0.4 0.8 1.0 1
1.172604 0.338062 1 4 0.4 1.282576 0.642317 1 4 0.4 0.8 1.0 1
1.37061 0.464835 0 4 0.4 0.420034 0.946573 1 4 0.4 0.444444 0.5 0
1.604235 -0.118322 0 5 0.4 1.491244 0.676123 0 4 0.3 0.666667 0.857143 1
1.37061 0.464835 0 4 0.4 1.216846 0.388771 0 5 0.5 0.666667 0.888889 0
1.065539 -0.036221 1 6 0.6 1.327752 -0.096589 1 6 0.5 0.714286 0.909091 1
1.214426 0.096589 0 7 0.6 1.327752 -0.096589 1 6 0.5 0.714286 0.909091 1
1.011499 0.446724 1 6 0.5 1.327752 -0.096589 1 6 0.5 0.714286 0.8 1
1.123799 0.241473 0 7 0.5 1.389097 0.181104 0 7 0.5 0.714286 1.0 1
1.276821 0.060368 0 7 0.5 1.389097 0.181104 0 7 0.5 0.857143 1.0 1
1.081225 0.591608 0 7 0.5 1.389097 0.181104 0 7 0.5 0.571429 1.0 1
1.442551 0.507093 0 4 0.3 1.493637 0.887412 0 4 0.3 0.75 1.0 1
1.415896 0.676123 0 4 0.4 1.493637 0.887412 0 4 0.3 0.75 0.857143 1
0.860163 1.204345 0 4 0.4 1.493637 0.887412 0 4 0.3 0.75 0.857143 1
0.868907 0.777542 1 4 0.3 0.923116 0.642317 1 4 0.3 0.8 1.0 1
0.762983 0.338062 1 4 0.3 0.923116 0.642317 1 4 0.3 0.8 1.0 1
0.855653 0.760639 1 4 0.3 0.923116 0.642317 1 4 0.3 0.8 0.666667 1
0.652572 0.881375 2 5 0.5 0.702764 1.002111 2 5 0.4 0.857143 0.666667 1
0.504402 0.977964 2 5 0.5 0.702764 1.002111 2 5 0.4 0.714286 0.666667 1
0.617213 0.92967 2 5 0.4 0.702764 1.002111 2 5 0.4 0.714286 0.75 1
0.587367 0.963476 2 3 0.2 0.768579 0.828251 2 3 0.2 0.8 1.0 1
0.889221 0.693026 2 3 0.2 1.493637 0.887412 0 4 0.3 0.444444 0.4 0
0.636396 0.65922 2 3 0.3 0.768579 0.828251 2 3 0.2 0.8 0.8 1
1.345097 0.473286 1 4 0.5 1.43999 0.642317 1 4 0.4 0.8 0.666667 1
1.322065 0.43948 1 4 0.4 1.43999 0.642317 1 4 0.4 0.8 1.0 1
0.78513 1.14941 1 4 0.3 1.43999 0.642317 1 4 0.4 0.8 0.857143 1
0.661374 0.615755 2 5 0.3 0.6114 0.591608 0 7 0.3 0.428571 0.666667 0
0.622427 0.700271 3 4 0.4 0.702764 1.002111 2 5 0.4 0.285714 0.75 0
0.632456 0.676123 1 6 0.3 0.986646 0.036221 1 6 0.6 0.285714 0.444444 0
0.641427 0.591608 3 3 0.2 0.766563 0.732467 3 3 0.2 0.833333 0.5 1
0.764697 0.704295 2 4 0.3 0.766563 0.732467 3 3 0.2 0.833333 0.8 1
0.80119 0.704295 4 2 0.1 0.766563 0.732467 3 3 0.2 0.833333 0.666667 1
1.039464 0.496528 2 6 0.6 1.019954 0.654995 1 7 0.7 0.875 0.923077 1
0.961438 0.369755 3 5 0.6 1.019954 0.654995 1 7 0.7 0.625 0.923077 1
1.096318 0.137338 2 6 0.6 1.019954 0.654995 1 7 0.7 0.75 0.923077 1
0.911193 -0.229399 1 6 0.6 0.82003 -0.325988 1 6 0.5 0.857143 0.909091 1
0.86524 -0.519166 1 6 0.6 0.82003 -0.325988 1 6 0.5 0.857143 0.909091 1
0.891571 -0.217325 0 7 0.5 0.82003 -0.325988 1 6 0.5 0.857143 1.0 1
0.605333 0.540899 2 3 0.2 1.2978 0.050709 1 4 0.5 0.2 0.571429 0
0.833238 0.693026 3 2 0.2 0.680336 0.388771 3 2 0.2 0.8 1.0 1
0.655744 0.354965 2 3 0.3 0.680336 0.388771 3 2 0.2 0.8 0.8 1
0.885061 0.676123 1 6 0.4 0.942027 0.567461 2 5 0.4 0.857143 1.0 1
0.351382 0.965891 2 5 0.4 0.942027 0.567461 2 5 0.4 0.714286 1.0 1
1.033619 0.229399 2 5 0.4 0.942027 0.567461 2 5 0.4 0.857143 1.0 1
0.751868 0.26562 3 4 0.2 0.456249 0.66405 3 4 0.2 0.714286 1.0 1
0.456249 0.66405 3 4 0.2 0.456249 0.66405 3 4 0.2 1.0 1.0 1
0.270424 0.784786 1 6 0.2 0.905764 0.676123 1 7 0.4 0.4 0.666667 0
1.317375 0.07043 1 5 0.5 1.181706 -0.042258 1 5 0.6 0.833333 0.909091 1
0.906196 0.07043 1 5 0.5 1.181706 -0.042258 1 5 0.6 0.666667 0.909091 1
0.946296 0.493007 1 5 0.5 1.039689 -0.0 2 5 0.5 0.461538 0.8 0
0.436708 0.405674 3 2 0.2 0.808438 -0.0 3 2 0.2 0.8 1.0 1
0.766718 -0.033806 2 3 0.3 0.808438 -0.0 3 2 0.2 0.8 0.8 1
0.839643 0.152128 2 3 0.3 0.808438 -0.0 3 2 0.2 0.8 0.8 1
0.687646 1.081797 2 3 0.4 1.358045 0.574705 2 3 0.5 0.8 0.888889 1
1.291455 0.253546 2 3 0.5 1.358045 0.574705 2 3 0.5 0.8 1.0 1
1.198412 0.225374 2 4 0.5 1.358045 0.574705 2 3 0.5 0.727273 0.8 1
0.738172 0.464835 0 8 0.4 0.704215 0.633866 0 8 0.4 0.75 1.0 1
0.572766 0.781768 2 6 0.4 0.704215 0.633866 0 8 0.4 0.75 1.0 1
0.633083 0.770029 2 7 0.4 0.704215 0.633866 0 8 0.4 0.823529 1.0 1
0.658281 0.760639 0 4 0.3 0.762983 0.845154 0 5 0.5 0.222222 0.75 0
1.209093 0.253546 0 4 0.3 1.43999 0.642317 1 4 0.4 0.222222 0.285714 0
0.817953 1.225474 0 4 0.3 0.782243 0.971927 0 4 0.3 0.75 1.0 1
0.740013 0.732467 2 4 0.3 0.574871 0.563436 2 4 0.3 0.833333 1.0 1
0.574249 0.577522 1 5 0.4 0.574871 0.563436 2 4 0.3 0.833333 0.857143 1
0.592211 0.54935 2 4 0.4 0.574871 0.563436 2 4 0.3 0.833333 0.857143 1
0.569879 0.563436 1 5 0.3 0.434248 1.267731 1 5 0.3 0.333333 0.666667 0
0.486973 0.507093 2 4 0.3 0.494734 0.394405 2 4 0.3 0.833333 1.0 1
0.505447 0.493007 2 4 0.4 0.494734 0.394405 2 4 0.3 0.666667 0.857143 1
0.563788 0.647952 1 8 0.5 0.550613 0.657342 1 8 0.4 0.888889 0.888889 1
0.588245 0.422577 1 9 0.5 0.550613 0.657342 1 8 0.4 0.736842 0.888889 1
0.685971 0.515544 1 9 0.4 1.020776 0.583156 1 9 0.4 0.3 0.75 0
0.537853 0.697252 2 6 0.4 0.578086 0.612737 2 6 0.4 0.875 1.0 1
0.437992 0.422577 2 6 0.4 0.578086 0.612737 2 6 0.4 0.875 1.0 1
0.707017 0.728946 2 6 0.5 0.578086 0.612737 2 6 0.4 0.75 0.888889 1
0.714643 0.760639 0 5 0.6 0.762983 0.845154 0 5 0.5 0.8 0.727273 1
0.762983 0.845154 0 5 0.5 0.762983 0.845154 0 5 0.5 1.0 1.0 1
0.622782 0.625414 0 5 0.6 0.762983 0.845154 0 5 0.5 0.6 0.909091 1
0.781156 0.380319 1 7 0.4 0.861892 0.591608 1 7 0.4 0.875 0.75 1
0.870652 0.581044 1 7 0.5 0.861892 0.591608 1 7 0.4 0.875 0.888889 1
0.861892 0.591608 1 7 0.4 0.861892 0.591608 1 7 0.4 1.0 1.0 1
0.694732 0.905522 0 7 0.6 0.675117 0.917596 0 7 0.5 0.857143 0.909091 1
0.685615 0.941743 1 6 0.4 0.675117 0.917596 0 7 0.5 0.857143 0.888889 1
0.533248 0.579534 1 6 0.4 0.675117 0.917596 0 7 0.5 0.571429 0.888889 1
0.625867 0.792332 1 7 0.3 0.627495 0.813461 1 7 0.5 0.875 0.75 1
0.796321 0.62917 1 8 0.7 0.627495 0.813461 1 7 0.5 0.823529 0.833333 1
0.86442 0.770029 1 8 0.6 0.627495 0.813461 1 7 0.5 0.705882 0.909091 1
1.175544 0.197203 0 6 0.7 1.216846 0.388771 0 5 0.5 0.727273 0.833333 1
1.053226 0.21974 0 5 0.4 1.216846 0.388771 0 5 0.5 0.8 0.888889 1
1.243555 0.422577 1 4 0.4 1.216846 0.388771 0 5 0.5 0.8 0.888889 1
0.271241 0.371868 2 3 0.2 0.658461 0.574705 2 3 0.2 0.8 1.0 1
0.599404 0.70993 2 3 0.3 0.658461 0.574705 2 3 0.2 0.8 0.4 1
0.657376 0.591608 1 4 0.3 0.658461 0.574705 2 3 0.2 0.8 0.8 1
0.688684 0.676123 0 6 0.4 1.002022 0.436663 1 5 0.4 0.666667 1.0 1
1.048468 0.54935 0 6 0.4 0.609449 0.92967 1 6 0.2 0.153846 0.666667 0
0.55399 0.662037 2 4 0.3 1.002022 0.436663 1 5 0.4 0.666667 0.857143 1
0.738402 1.140958 0 4 0.3 0.784902 0.993056 0 4 0.3 0.75 1.0 1
0.800298 0.971927 1 3 0.2 0.658461 0.574705 2 3 0.2 0.666667 1.0 0
1.009597 0.65922 0 5 0.4 0.784902 0.993056 0 4 0.3 0.888889 0.857143 1
0.55818 1.146995 1 6 0.4 0.547101 0.784786 1 6 0.4 0.714286 1.0 1
0.80728 0.446724 1 6 0.4 0.547101 0.784786 1 6 0.4 0.857143 1.0 1
0.524891 0.905522 1 6 0.3 0.547101 0.784786 1 6 0.4 0.714286 0.857143 1
1.098081 0.66405 2 5 0.5 1.008299 0.422577 1 6 0.6 0.714286 0.909091 1
1.048809 0.507093 1 6 0.6 1.008299 0.422577 1 6 0.6 0.857143 1.0 1
1.003226 0.482945 0 7 0.6 1.008299 0.422577 1 6 0.6 0.857143 1.0 1
0.670059 0.295804 1 7 0.5 0.645234 0.211289 1 7 0.4 0.875 0.666667 1
0.372526 0.464835 1 7 0.5 0.645234 0.211289 1 7 0.4 0.75 0.666667 1
0.705562 0.403796 2 7 0.5 0.645234 0.211289 1 7 0.4 0.823529 0.666667 1
0.495773 0.750074 2 6 0.4 0.495773 0.771203 3 5 0.4 0.875 1.0 1
0.492805 0.887412 3 5 0.4 0.495773 0.771203 3 5 0.4 0.75 1.0 1
0.34386 0.792332 2 6 0.4 0.495773 0.771203 3 5 0.4 0.75 1.0 1
1.046617 0.528221 3 5 0.4 0.867497 0.697252 2 6 0.5 0.75 0.444444 1
0.330236 0.855719 2 6 0.6 0.867497 0.697252 2 6 0.5 0.75 0.727273 1
0.846285 0.369755 3 5 0.5 0.867497 0.697252 2 6 0.5 0.75 0.8 1
1.523155 0.118322 0 5 0.3 1.354358 -0.050709 0 5 0.4 0.8 0.857143 1
1.481312 0.152128 1 4 0.3 1.354358 -0.050709 0 5 0.4 0.8 0.857143 1
1.130107 -0.21974 0 5 0.3 1.354358 -0.050709 0 5 0.4 0.8 0.857143 1
0.830232 0.169031 2 3 0.3 0.545763 0.43948 1 4 0.4 0.6 0.857143 1
0.518927 0.574705 1 4 0.3 0.210442 1.081797 0 5 0.3 0.4 1.0 0
0.639754 0.642317 2 3 0.3 0.545763 0.43948 1 4 0.4 0.8 0.857143 1
0.849229 -0.014086 2 4 0.4 0.907771 0.098601 2 4 0.3 0.833333 0.857143 1
0.881017 -0.028172 1 5 0.5 0.907771 0.098601 2 4 0.3 0.666667 0.75 1
0.878891 -0.012074 2 5 0.4 0.907771 0.098601 2 4 0.3 0.923077 0.857143 1
0.497853 0.718381 3 3 0.3 0.443203 0.54935 2 4 0.4 0.833333 0.857143 1
0.425665 0.521178 1 5 0.5 0.443203 0.54935 2 4 0.4 0.833333 0.888889 1
0.383282 0.662037 2 4 0.3 0.443203 0.54935 2 4 0.4 0.833333 0.857143 1
0.522699 0.654995 1 3 0.2 0.340693 0.401448 0 4 0.3 0.75 0.8 1
0.527799 0.54935 0 4 0.3 0.340693 0.401448 0 4 0.3 0.75 1.0 1
0.374802 0.380319 0 4 0.4 0.340693 0.401448 0 4 0.3 0.75 0.857143 1
0.952909 0.538786 3 5 0.6 0.856473 0.348626 3 5 0.6 0.875 1.0 1
0.886117 0.443706 2 6 0.6 0.856473 0.348626 3 5 0.6 0.75 0.833333 1
0.799793 0.179595 4 4 0.5 0.856473 0.348626 3 5 0.6 0.875 0.909091 1
0.647952 0.713686 3 6 0.6 0.647952 0.713686 3 6 0.6 0.777778 1.0 1
0.662487 0.863935 3 6 0.5 0.647952 0.713686 3 6 0.6 0.777778 0.727273 1
0.559194 0.713686 4 5 0.5 0.647952 0.713686 3 6 0.6 0.777778 0.909091 1
0.756978 0.676123 1 9 0.3 0.777919 0.54935 1 9 0.4 0.8 0.857143 1
0.818632 0.625414 1 9 0.4 0.777919 0.54935 1 9 0.4 0.9 1.0 1
0.80381 0.363416 0 10 0.5 0.777919 0.54935 1 9 0.4 0.7 0.666667 1
1.031873 0.986013 1 5 0.3 0.491838 1.155044 1 5 0.4 0.666667 0.857143 1
0.456696 1.014185 1 5 0.5 0.491838 1.155044 1 5 0.4 0.833333 0.666667 1
0.488995 1.110774 1 6 0.5 0.711662 0.736492 1 6 0.5 0.285714 1.0 0
1.05051 0.30989 0 9 0.6 1.130564 0.403796 0 9 0.5 0.888889 0.909091 1
1.071122 0.523996 0 10 0.5 1.130564 0.403796 0 9 0.5 0.842105 1.0 1
1.130564 0.403796 0 9 0.5 1.130564 0.403796 0 9 0.5 1.0 1.0 1
0.909081 -0.270449 0 5 0.5 1.03268 0.202837 0 5 0.5 0.8 1.0 1
1.046081 0.152128 1 4 0.4 1.03268 0.202837 0 5 0.5 0.8 0.888889 1
1.123027 -0.154945 1 5 0.4 1.03268 0.202837 0 5 0.5 0.727273 0.444444 1
0.910819 0.410503 1 6 0.5 0.711662 0.736492 1 6 0.5 0.714286 1.0 1
0.795609 0.881375 1 6 0.5 0.711662 0.736492 1 6 0.5 0.857143 1.0 1
0.781373 0.66405 2 5 0.4 0.711662 0.736492 1 6 0.5 0.857143 0.888889 1
0.535857 0.354965 2 3 0.4 0.85857 -0.152128 2 3 0.4 0.8 1.0 1
0.85857 -0.152128 2 3 0.4 0.907771 0.098601 2 4 0.3 0.363636 0.285714 0
0.775825 -0.197203 3 3 0.4 0.85857 -0.152128 2 3 0.4 0.909091 1.0 1
0.988505 0.557802 1 4 0.5 1.2978 0.050709 1 4 0.5 0.8 1.0 1
1.081665 -0.118322 1 4 0.5 0.220389 1.132507 1 4 0.3 0.2 0.5 0
1.20119 0.338062 2 4 0.5 0.633262 0.519166 1 6 0.5 0.153846 0.4 0
0.922729 0.354965 1 4 0.4 0.592814 0.828251 1 4 0.4 0.8 1.0 1
0.596418 0.794445 0 5 0.4 0.592814 0.828251 1 4 0.4 0.8 1.0 1
0.694879 0.676123 2 4 0.4 0.423783 0.941743 0 7 0.5 0.153846 0.444444 0
0.559017 0.450749 1 8 0.4 0.750925 0.234765 2 7 0.4 0.777778 0.5 1
0.809664 0.300499 2 7 0.4 0.750925 0.234765 2 7 0.4 0.888889 1.0 1
0.472035 0.356843 1 8 0.5 0.750925 0.234765 2 7 0.4 0.777778 0.444444 1
0.540848 1.06248 1 6 0.4 0.675117 0.917596 0 7 0.5 0.428571 0.888889 0
0.556349 1.014185 2 5 0.3 0.533886 1.207363 2 5 0.3 0.714286 1.0 1
0.550819 1.19529 3 4 0.2 0.533886 1.207363 2 5 0.3 0.857143 0.8 1
0.558697 0.693026 1 4 0.3 0.713643 0.895864 1 4 0.3 0.8 1.0 1
0.685044 1.031088 0 5 0.3 0.596817 1.070529 0 6 0.4 0.181818 0.857143 0
0.618177 0.845154 1 4 0.4 1.021903 0.608511 0 5 0.4 0.2 0.75 0
0.804896 0.464835 3 3 0.2 0.291606 1.159069 2 5 0.2 0.307692 1.0 0
0.516628 1.000099 3 3 0.2 0.931077 0.605694 3 3 0.2 0.833333 1.0 1
1.037396 0.507093 2 5 0.2 0.931077 0.605694 3 3 0.2 0.769231 1.0 1
0.828002 0.728946 2 6 0.4 0.482209 1.130394 2 6 0.4 0.75 0.5 1
0.482209 1.130394 2 6 0.4 0.482209 1.130394 2 6 0.4 0.75 0.5 1
0.561408 0.940234 2 6 0.4 0.482209 1.130394 2 6 0.4 0.875 1.0 1
0.727575 0.582217 5 4 0.2 0.777919 0.54935 1 9 0.4 0.210526 0.666667 0
0.620134 0.83459 1 7 0.3 0.611851 0.750074 2 6 0.3 0.875 1.0 1
0.506967 0.64443 2 6 0.4 0.611851 0.750074 2 6 0.3 0.875 0.571429 1
0.743681 0.887412 3 5 0.4 0.83749 0.863935 1 8 0.3 0.117647 0.571429 0
0.663428 0.79686 1 6 0.4 0.657246 0.772712 2 5 0.3 0.857143 0.857143 1
0.661374 0.869302 1 6 0.3 0.657246 0.772712 2 5 0.3 0.857143 1.0 1
0.844539 0.47636 4 7 0.5 0.840871 0.684575 4 6 0.4 0.857143 0.666667 1
0.770394 0.752956 3 8 0.4 0.840871 0.684575 4 6 0.4 0.761905 1.0 1
0.840871 0.684575 4 6 0.4 0.840871 0.684575 4 6 0.4 0.8 1.0 1
1.104105 0.61978 2 4 0.6 1.097616 0.647952 3 3 0.4 0.833333 0.4 1
1.216553 0.169031 3 3 0.4 1.097616 0.647952 3 3 0.4 0.833333 0.75 1
1.124405 0.422577 3 4 0.4 1.014017 0.627829 0 7 0.7 0.142857 0.363636 0
0.879123 0.354965 1 4 0.4 0.420034 0.946573 1 4 0.4 0.6 0.75 1
0.420034 0.946573 1 4 0.4 0.420034 0.946573 1 4 0.4 1.0 1.0 1
0.938464 0.371868 1 4 0.4 1.216846 0.388771 0 5 0.5 0.0 0.444444 0
1.16128 0.591608 2 4 0.5 1.234812 0.732467 2 4 0.4 0.833333 0.666667 1
0.557204 1.155044 2 4 0.3 1.234812 0.732467 2 4 0.4 0.833333 0.857143 0
1.248809 0.507093 1 6 0.5 0.887556 0.92967 2 6 0.4 0.133333 0.222222 0
0.960442 -0.350135 2 5 0.5 0.917331 0.350135 2 5 0.4 0.714286 0.666667 1
1.07444 -0.036221 1 6 0.6 0.917331 0.350135 2 5 0.4 0.714286 0.6 1
0.962211 0.543313 1 6 0.5 0.423783 0.941743 0 7 0.5 0.142857 0.6 0
0.993431 0.323976 2 4 0.3 1.107657 0.577522 2 4 0.3 0.833333 1.0 1
0.727847 0.521178 2 4 0.4 0.633262 0.519166 1 6 0.5 0.461538 0.222222 0
1.081555 0.690209 2 4 0.4 1.107657 0.577522 2 4 0.3 0.833333 0.571429 1
1.029105 0.306368 0 8 0.6 0.868575 0.301841 2 5 0.5 0.533333 0.909091 1
0.989743 0.495019 1 6 0.6 0.868575 0.301841 2 5 0.5 0.714286 0.909091 1
0.868575 0.301841 2 5 0.5 0.868575 0.301841 2 5 0.5 0.714286 1.0 1
0.126773 0.654995 1 3 0.2 0.340693 0.401448 0 4 0.3 0.5 0.8 0
0.610913 1.077572 1 3 0.2 0.713643 0.895864 1 4 0.3 0.666667 0.8 0
0.827216 0.70993 1 4 0.3 0.473085 0.92967 2 2 0.2 0.444444 0.8 0
0.526444 0.845154 3 3 0.2 0.511766 0.732467 4 2 0.1 0.833333 0.666667 1
0.29277 0.591608 4 2 0.2 0.511766 0.732467 4 2 0.1 0.833333 0.666667 1
0.581664 0.690209 5 1 0.1 0.511766 0.732467 4 2 0.1 0.833333 1.0 1
1.038256 0.19016 2 2 0.2 0.967016 0.021129 2 2 0.2 0.75 0.5 1
1.171588 -0.014086 2 4 0.4 0.504149 0.866283 1 3 0.3 0.4 0.571429 0
0.942072 -0.021129 1 3 0.4 0.967016 0.021129 2 2 0.2 0.75 0.666667 1
0.201187 0.802897 2 2 0.2 0.201187 0.802897 2 2 0.2 1.0 1.0 1
0.460331 0.971927 2 2 0.3 0.420034 0.946573 1 4 0.4 0.666667 0.857143 0
0.698468 0.456383 2 3 0.4 0.201187 0.802897 2 2 0.2 0.666667 0.666667 1
0.698468 0.464835 2 4 0.5 0.715974 0.493007 2 4 0.4 0.833333 0.666667 1
0.209875 0.831068 2 4 0.4 0.715974 0.493007 2 4 0.4 0.833333 1.0 1
0.702546 0.464835 1 5 0.4 0.715974 0.493007 2 4 0.4 0.833333 1.0 1
0.976916 0.835764 3 6 0.6 0.912219 0.704295 2 7 0.7 0.777778 0.923077 1
0.92967 0.704295 1 8 0.7 0.912219 0.704295 2 7 0.7 0.666667 0.857143 1
0.918505 0.685514 1 8 0.8 0.912219 0.704295 2 7 0.7 0.888889 0.933333 1
0.319039 1.162087 0 4 0.4 0.250713 0.811348 1 4 0.4 0.444444 0.5 0
0.175255 0.811348 3 2 0.2 0.715974 0.493007 2 4 0.4 0.727273 0.666667 0
0.688165 0.557802 2 3 0.4 0.280306 0.887412 1 3 0.3 0.666667 0.857143 1
1.07839 0.519166 2 5 0.5 0.861892 0.591608 1 7 0.4 0.133333 0.444444 0
0.87831 0.169031 2 5 0.5 1.039689 -0.0 2 5 0.5 0.714286 0.8 1
1.112086 0.325988 2 5 0.4 1.039689 -0.0 2 5 0.5 0.571429 0.444444 1
1.137981 0.642317 1 4 0.3 1.216846 0.388771 0 5 0.5 0.2 0.5 0
0.928516 0.236643 1 4 0.4 0.895624 0.135225 2 3 0.3 0.6 0.571429 1
0.86685 -0.0 2 4 0.4 1.039689 -0.0 2 5 0.5 0.153846 0.444444 0
1.069416 0.497702 1 8 0.6 1.130564 0.403796 0 9 0.5 0.555556 0.727273 0
1.215965 0.366234 1 8 0.5 1.130564 0.403796 0 9 0.5 0.777778 0.8 0
0.933503 0.760639 1 8 0.6 1.124405 0.140859 1 8 0.6 0.666667 1.0 1
0.567367 0.563436 0 6 0.4 0.596817 1.070529 0 6 0.4 0.666667 1.0 1
0.596817 1.070529 0 6 0.4 0.596817 1.070529 0 6 0.4 1.0 1.0 1
0.518239 0.676123 0 6 0.5 0.675117 0.917596 0 7 0.5 0.461538 0.8 0
0.798262 0.515544 1 9 0.6 0.925348 0.684575 1 9 0.7 0.8 0.923077 1
0.892873 0.380319 1 9 0.6 0.925348 0.684575 1 9 0.7 0.7 0.923077 1
0.969577 0.464835 1 9 0.7 0.925348 0.684575 1 9 0.7 0.8 1.0 1
0.497853 0.743736 0 5 0.4 0.497853 0.743736 0 5 0.4 1.0 1.0 1
0.758601 0.493007 0 6 0.4 0.497853 0.743736 0 5 0.4 0.727273 1.0 1
0.95169 -0.050709 0 5 0.4 0.497853 0.743736 0 5 0.4 0.6 1.0 1
0.517549 1.183216 0 5 0.3 0.596817 1.070529 0 6 0.4 0.545455 0.857143 0
0.694365 0.845154 0 5 0.4 0.481812 1.014185 0 5 0.3 0.8 0.857143 1
0.481812 1.014185 0 5 0.3 0.481812 1.014185 0 5 0.3 0.6 1.0 1
0.480221 1.06248 0 7 0.5 0.423783 0.941743 0 7 0.5 0.857143 0.8 1
0.773718 0.748565 0 7 0.5 0.423783 0.941743 0 7 0.5 0.857143 1.0 1
0.271052 0.79686 0 7 0.5 0.423783 0.941743 0 7 0.5 0.857143 1.0 1
1.058226 0.892107 0 9 0.7 0.98722 0.610389 0 9 0.7 0.777778 1.0 1
1.085091 0.792332 0 8 0.7 0.98722 0.610389 0 9 0.7 0.705882 1.0 1
1.013402 0.554046 0 9 0.7 0.98722 0.610389 0 9 0.7 0.777778 1.0 1
0.434248 1.098701 1 5 0.3 0.434248 1.267731 1 5 0.3 0.833333 1.0 1
0.34641 1.436762 1 5 0.3 0.434248 1.267731 1 5 0.3 0.833333 1.0 1
0.387913 0.986013 1 5 0.3 0.434248 1.267731 1 5 0.3 0.666667 0.666667 1
0.403556 1.301538 0 5 0.3 1.105829 0.828251 0 5 0.3 0.8 1.0 1
0.226779 1.504375 0 5 0.3 1.105829 0.828251 0 5 0.3 0.6 1.0 1
0.627922 0.997282 0 5 0.3 1.105829 0.828251 0 5 0.3 0.6 1.0 1
0.914955 0.507093 0 6 0.4 0.675419 0.732467 0 6 0.4 0.833333 1.0 1
0.777664 0.901498 0 6 0.4 0.675419 0.732467 0 6 0.4 0.833333 1.0 1
0.653379 1.028271 0 6 0.4 0.675419 0.732467 0 6 0.4 0.666667 1.0 1
0.457998 1.112786 1 5 0.4 0.543577 0.85924 1 5 0.4 0.833333 1.0 1
0.557204 0.986013 1 5 0.4 0.543577 0.85924 1 5 0.4 0.833333 1.0 1
0.442934 0.816982 1 5 0.4 0.543577 0.85924 1 5 0.4 0.666667 1.0 1
1.209191 0.270449 0 5 0.4 1.335504 0.574705 0 5 0.4 0.8 1.0 1
0.97358 0.067612 0 5 0.4 1.335504 0.574705 0 5 0.4 0.6 1.0 1
1.391086 0.316933 0 4 0.4 1.335504 0.574705 0 5 0.4 0.888889 1.0 1
0.499762 1.000099 1 5 0.4 0.499762 1.000099 1 5 0.4 0.833333 1.0 1
0.921825 0.605694 1 5 0.4 0.499762 1.000099 1 5 0.4 0.833333 1.0 1
0.839501 0.704295 1 5 0.5 0.499762 1.000099 1 5 0.4 0.833333 0.888889 1
0.480575 0.971927 0 4 0.2 0.420034 0.946573 1 4 0.2 0.888889 1.0 1
0.630759 0.777542 1 4 0.3 0.420034 0.946573 1 4 0.2 0.8 0.8 1
0.420034 0.946573 1 4 0.2 0.420034 0.946573 1 4 0.2 1.0 1.0 1
0.341565 0.380319 0 4 0.2 0.62868 0.760639 0 4 0.2 0.5 1.0 1
0.536745 1.140958 0 4 0.2 0.62868 0.760639 0 4 0.2 0.75 1.0 1
0.771517 1.014185 0 4 0.2 0.62868 0.760639 0 4 0.2 0.75 1.0 1
0.308221 0.625414 1 4 0.3 0.334877 0.523996 1 4 0.4 0.8 0.857143 1
0.334877 0.523996 1 4 0.4 0.334877 0.523996 1 4 0.4 1.0 1.0 1
0.368394 0.338062 0 5 0.5 0.675419 0.732467 0 6 0.4 0.181818 0.222222 0
0.602433 0.688197 1 6 0.3 0.633262 0.519166 1 6 0.5 0.857143 0.25 1
0.655433 0.66405 0 7 0.6 0.633262 0.519166 1 6 0.5 0.857143 0.909091 1
0.531651 0.446724 0 7 0.6 0.704215 0.633866 0 8 0.4 0.133333 0.8 0
0.599206 0.986013 1 5 0.2 0.657246 0.772712 2 5 0.3 0.461538 0.8 0
0.642354 0.690209 0 6 0.4 0.675117 0.917596 0 7 0.5 0.461538 0.666667 0
0.496895 0.746553 1 5 0.3 0.518239 0.845154 1 5 0.3 0.833333 1.0 1
0.374348 1.06248 3 4 0.4 0.402374 1.014185 3 4 0.3 0.714286 0.571429 1
0.389488 1.038332 3 4 0.5 0.402374 1.014185 3 4 0.3 0.857143 0.75 1
0.422577 0.92967 3 4 0.3 0.402374 1.014185 3 4 0.3 0.857143 1.0 1
0.439697 1.155044 2 4 0.3 0.667618 1.014185 2 4 0.4 0.833333 0.857143 1
0.638451 0.901498 1 5 0.4 0.667618 1.014185 2 4 0.4 0.833333 0.5 1
0.698297 1.070529 1 5 0.4 0.667618 1.014185 2 4 0.4 0.666667 0.5 1
0.565746 1.086627 1 6 0.3 0.521966 1.171142 1 6 0.3 0.857143 1.0 1
0.59247 1.002111 1 6 0.3 0.521966 1.171142 1 6 0.3 0.714286 1.0 1
0.874818 0.917596 1 6 0.3 0.521966 1.171142 1 6 0.3 0.857143 0.666667 1
0.599213 1.045878 1 7 0.5 0.922991 0.750074 1 7 0.5 0.875 1.0 1
0.950832 0.651976 0 7 0.5 0.922991 0.750074 1 7 0.5 0.933333 1.0 1
0.61611 0.971927 1 7 0.5 0.922991 0.750074 1 7 0.5 0.75 1.0 1
1.297525 0.693026 1 4 0.4 0.40267 1.200119 1 4 0.3 0.8 0.857143 1
1.369828 0.65922 1 4 0.3 0.40267 1.200119 1 4 0.3 0.8 0.666667 1
0.56252 1.064894 1 4 0.4 0.40267 1.200119 1 4 0.3 0.8 0.571429 1
0.662786 0.92967 1 4 0.3 1.184724 0.676123 1 4 0.2 0.8 0.8 1
1.057963 -0.016903 1 4 0.3 1.184724 0.676123 1 4 0.2 0.4 0.8 1
0.391882 1.098701 1 4 0.2 1.06066 0.718381 2 4 0.3 0.545455 0.4 0
0.371291 1.064894 1 4 0.2 0.371291 1.064894 1 4 0.2 1.0 1.0 1
0.260494 1.183216 1 4 0.2 0.371291 1.064894 1 4 0.2 0.8 1.0 1
0.371291 1.064894 1 4 0.2 0.371291 1.064894 1 4 0.2 0.6 1.0 1
0.58554 0.92967 2 4 0.4 1.06066 0.718381 2 4 0.3 0.833333 0.857143 1
0.601783 0.887412 1 5 0.4 1.06066 0.718381 2 4 0.3 0.666667 0.857143 1
0.669221 1.056443 1 5 0.4 1.06066 0.718381 2 4 0.3 0.5 0.857143 1
1.454672 0.73951 1 3 0.3 0.40267 1.200119 1 4 0.3 0.666667 0.666667 0
1.269983 0.811348 1 4 0.4 1.591944 0.304256 1 4 0.3 0.8 0.857143 1
1.176253 0.608511 1 4 0.3 1.591944 0.304256 1 4 0.3 0.6 1.0 1
0.349927 1.19529 2 5 0.3 0.418127 1.110774 2 5 0.3 0.857143 1.0 1
0.418127 1.110774 2 5 0.3 0.418127 1.110774 2 5 0.3 0.714286 1.0 1
0.564241 0.971927 1 7 0.5 0.83749 0.863935 1 8 0.3 0.470588 0.5 0
0.730949 1.064894 1 4 0.3 1.258684 0.811348 1 4 0.3 0.8 1.0 1
0.437526 1.233925 1 4 0.2 1.258684 0.811348 1 4 0.3 0.8 0.8 1
0.665475 1.098701 1 4 0.2 1.258684 0.811348 1 4 0.3 0.8 0.8 1
0.406579 1.140958 3 5 0.3 0.449348 1.067007 3 5 0.3 0.875 1.0 1
0.561849 0.948451 2 7 0.4 1.020776 0.583156 1 9 0.4 0.421053 1.0 0
0.509101 1.098701 3 5 0.2 0.449348 1.067007 3 5 0.3 0.75 0.8 1
0.522357 0.912767 1 4 0.4 0.95244 0.507093 1 4 0.4 0.8 1.0 1
0.858986 0.557802 1 4 0.4 0.95244 0.507093 1 4 0.4 0.8 0.75 1
1.150155 0.405674 1 4 0.4 0.95244 0.507093 1 4 0.4 0.8 0.75 1
0.300793 1.324075 2 4 0.3 0.99857 0.92967 2 4 0.3 0.833333 1.0 1
0.642354 1.16913 1 5 0.5 0.99857 0.92967 2 4 0.3 0.666667 0.5 1
0.328416 1.309989 1 5 0.4 0.99857 0.92967 2 4 0.3 0.666667 0.857143 1
0.422174 1.303952 1 6 0.3 1.126973 0.941743 1 6 0.3 0.857143 0.666667 1
1.434986 0.458798 1 6 0.4 1.126973 0.941743 1 6 0.3 0.857143 0.857143 1
1.152046 1.086627 1 6 0.3 1.126973 0.941743 1 6 0.3 0.857143 1.0 1
0.931589 0.084515 2 3 0.2 1.153566 0.388771 2 3 0.2 0.8 1.0 1
0.988505 0.135225 1 4 0.3 1.153566 0.388771 2 3 0.2 0.6 0.8 1
1.13641 0.202837 1 4 0.4 1.153566 0.388771 2 3 0.2 0.8 0.666667 1
0.604743 0.743736 1 4 0.4 1.216846 0.388771 0 5 0.5 0.4 0.444444 0
0.554205 1.140958 2 2 0.1 0.667083 0.118322 2 3 0.2 0.222222 0.666667 0
0.473085 0.92967 2 2 0.2 0.473085 0.92967 2 2 0.2 1.0 1.0 1
0.83749 0.863935 1 8 0.3 0.83749 0.863935 1 8 0.3 0.777778 1.0 1
0.460977 1.126872 1 8 0.3 0.83749 0.863935 1 8 0.3 0.888889 1.0 1
1.101946 0.535264 1 8 0.6 0.83749 0.863935 1 8 0.3 0.666667 0.444444 1
0.604743 0.65922 1 4 0.3 0.625643 0.963476 1 4 0.3 0.8 1.0 1
0.568205 0.828251 0 5 0.4 0.667083 0.118322 2 3 0.2 0.2 0.666667 0
0.726046 0.642317 1 4 0.3 0.625643 0.963476 1 4 0.3 0.8 1.0 1
0.648913 0.808933 0 7 0.7 1.014017 0.627829 0 7 0.7 0.857143 1.0 1
1.12092 0.53124 0 7 0.7 1.014017 0.627829 0 7 0.7 0.571429 0.857143 1
0.663428 0.712344 0 7 0.7 1.014017 0.627829 0 7 0.7 0.714286 0.857143 1
0.428452 1.200119 1 4 0.4 0.375119 1.36915 1 4 0.3 0.8 0.571429 1
0.375119 1.36915 1 4 0.3 0.375119 1.36915 1 4 0.3 1.0 1.0 1
0.375119 0.997282 1 4 0.4 0.375119 1.36915 1 4 0.3 0.6 0.571429 1
0.728256 0.845154 2 7 0.4 0.840871 0.684575 4 6 0.4 0.315789 0.5 0
0.818161 0.676123 3 5 0.3 0.827385 0.750074 2 6 0.4 0.875 0.857143 1
0.880631 0.700271 2 5 0.3 0.827385 0.750074 2 6 0.4 0.933333 0.857143 1
0.834217 0.802897 2 6 0.4 0.887556 0.92967 2 6 0.4 0.875 1.0 1
0.781482 0.788811 2 7 0.4 0.777919 0.54935 1 9 0.4 0.210526 0.75 0
1.073807 0.802897 2 6 0.4 0.887556 0.92967 2 6 0.4 0.75 0.75 1
1.121224 0.253546 1 4 0.3 0.907115 -0.067612 1 4 0.3 0.8 1.0 1
0.907115 -0.067612 1 4 0.3 0.907115 -0.067612 1 4 0.3 1.0 1.0 1
0.973946 0.118322 0 5 0.4 0.907115 -0.067612 1 4 0.3 0.8 0.571429 1
0.524858 0.774725 1 5 0.4 0.589794 0.887412 2 4 0.3 0.833333 0.857143 1
0.631891 0.633866 1 5 0.5 0.751031 0.183117 2 4 0.3 0.166667 0.5 0
0.828695 0.519166 1 6 0.4 0.928388 0.845154 2 5 0.4 0.428571 0.75 0
0.597614 0.591608 0 8 0.5 0.846361 0.422577 0 8 0.5 0.875 1.0 1
0.684622 0.555387 1 6 0.5 0.846361 0.422577 0 8 0.5 0.666667 1.0 1
0.583358 0.654995 0 8 0.5 0.846361 0.422577 0 8 0.5 0.875 1.0 1
0.457478 1.047991 0 5 0.2 0.489168 0.92967 0 5 0.2 0.8 1.0 1
0.728256 0.908541 1 3 0.2 0.371291 1.064894 1 4 0.2 0.222222 0.5 0
0.913001 0.65922 0 5 0.2 0.489168 0.92967 0 5 0.2 0.8 1.0 1
1.318007 0.65922 0 5 0.3 1.264064 0.574705 0 5 0.6 0.4 0.666667 0
0.420883 1.064894 0 5 0.4 0.226779 1.335344 0 5 0.3 0.8 0.857143 1
0.46059 0.946573 0 5 0.4 0.226779 1.335344 0 5 0.3 0.6 0.857143 1
0.474162 0.917596 2 5 0.3 0.471645 0.833081 2 5 0.3 0.857143 1.0 1
0.416497 1.050406 2 5 0.3 0.471645 0.833081 2 5 0.3 0.857143 1.0 1
0.444161 0.808933 2 5 0.3 0.471645 0.833081 2 5 0.3 0.857143 1.0 1
1.292837 0.591608 1 4 0.3 0.220389 1.132507 1 4 0.3 0.8 0.666667 1
1.218313 0.625414 1 4 0.4 0.220389 1.132507 1 4 0.3 0.8 0.857143 1
0.424264 0.997282 1 4 0.4 0.226779 1.335344 0 5 0.3 0.6 0.857143 0
0.475845 1.081797 0 5 0.6 1.264064 0.574705 0 5 0.6 0.8 1.0 1
0.351527 1.14941 0 5 0.5 1.264064 0.574705 0 5 0.6 0.6 0.909091 1
1.257265 0.642317 0 5 0.6 1.264064 0.574705 0 5 0.6 0.8 1.0 1
0.332738 1.098701 1 4 0.4 1.216846 0.388771 0 5 0.5 0.4 0.666667 0
0.685565 0.70993 1 4 0.4 0.895624 0.135225 2 3 0.3 0.2 0.571429 0
0.523041 0.895864 2 3 0.3 0.334877 0.523996 1 4 0.4 0.4 0.857143 0
0.172023 1.086627 0 7 0.3 1.081068 0.808933 1 6 0.6 0.0 0.222222 0
0.560612 0.845154 0 5 0.4 0.210442 1.081797 0 5 0.3 0.8 0.857143 1
0.560612 0.845154 0 5 0.4 0.210442 1.081797 0 5 0.3 0.8 0.857143 1
0.505682 0.87896 0 5 0.4 1.021903 0.608511 0 5 0.4 0.8 1.0 1
0.38545 0.980379 0 5 0.4 1.021903 0.608511 0 5 0.4 0.8 1.0 1
0.447214 1.183216 0 5 0.4 1.264064 0.574705 0 5 0.6 0.4 0.6 0
0.52825 0.563436 0 6 0.6 1.014017 0.627829 0 7 0.7 0.153846 0.769231 0
0.242015 0.912767 1 4 0.3 0.250713 0.811348 1 4 0.4 0.8 0.857143 0
0.223607 0.845154 1 4 0.4 0.478091 0.676123 1 4 0.5 0.8 0.666667 1
0.759699 0.540899 1 4 0.4 0.250713 0.811348 1 4 0.4 0.8 1.0 1
0.300793 0.760639 2 2 0.3 0.226779 1.335344 0 5 0.3 0.222222 0.333333 0
0.242015 0.777542 1 4 0.5 0.250713 0.811348 1 4 0.4 0.8 0.666667 1
1.309853 0.608511 0 5 0.5 0.340168 1.284634 0 5 0.5 0.8 0.8 1
0.455129 1.014185 0 5 0.6 0.340168 1.284634 0 5 0.5 0.8 0.909091 1
0.711136 1.047991 0 5 0.7 0.340168 1.284634 0 5 0.5 0.8 0.833333 1
1.256175 0.359191 0 4 0.4 1.256175 0.359191 0 4 0.4 1.0 1.0 1
1.340531 0.316933 0 4 0.4 1.256175 0.359191 0 4 0.4 0.75 1.0 1
0.333631 0.824025 0 4 0.5 1.256175 0.359191 0 4 0.4 0.75 0.666667 1
0.429008 0.690209 1 5 0.5 1.013363 -0.352148 1 5 0.4 0.5 0.666667 1
0.937866 -0.410503 1 6 0.5 1.014017 0.627829 0 7 0.7 0.142857 0.666667 0
0.513963 0.686688 0 8 0.3 0.827385 0.750074 2 6 0.4 0.375 0.857143 0
0.683827 0.647952 0 6 0.5 0.596817 1.070529 0 6 0.4 0.166667 0.444444 0
0.553591 0.700271 0 7 0.3 0.6114 0.591608 0 7 0.3 0.857143 1.0 1
0.566346 0.446724 1 6 0.3 0.6114 0.591608 0 7 0.3 0.857143 1.0 1
1.590148 0.676123 0 4 0.3 0.300793 1.352247 0 4 0.3 0.75 0.666667 1
1.506336 0.718381 0 4 0.4 0.300793 1.352247 0 4 0.3 0.75 0.857143 1
0.494614 1.204345 0 4 0.3 0.300793 1.352247 0 4 0.3 0.75 1.0 1
1.219777 0.540899 1 4 0.5 0.399106 1.047991 1 4 0.4 0.8 0.666667 1
0.444811 0.743736 1 4 0.4 0.399106 1.047991 1 4 0.4 0.8 1.0 1
1.137981 0.202837 1 4 0.5 0.399106 1.047991 1 4 0.4 0.6 0.666667 1
0.305505 1.126872 2 4 0.2 0.291606 1.159069 2 5 0.2 0.923077 1.0 1
0.34454 1.050406 2 5 0.2 0.291606 1.159069 2 5 0.2 0.857143 1.0 1
0.398552 0.990038 2 5 0.2 0.291606 1.159069 2 5 0.2 0.714286 1.0 1
0.279242 0.908541 0 4 0.3 0.201187 1.056443 0 4 0.3 0.75 1.0 1
0.248807 1.098701 0 4 0.3 0.201187 1.056443 0 4 0.3 0.75 1.0 1
0.201187 1.056443 0 4 0.3 0.201187 1.056443 0 4 0.3 1.0 1.0 1
0.182574 0.92967 1 3 0.4 0.220389 1.132507 1 4 0.3 0.222222 0.571429 0
0.303746 0.993056 2 2 0.3 0.371291 1.064894 1 4 0.2 0.444444 0.4 0
0.54935 0.697252 0 4 0.5 0.481812 1.014185 0 5 0.3 0.222222 0.5 0
0.940039 0.464835 1 7 0.6 1.077542 0.200724 1 7 0.5 0.875 0.909091 1
0.465109 0.845154 1 7 0.6 1.130564 0.403796 0 9 0.5 0.235294 0.727273 0
0.895567 0.380319 2 6 0.5 1.077542 0.200724 1 7 0.5 0.75 0.8 1
0.451716 1.16913 3 3 0.2 1.196921 0.746553 3 3 0.3 0.833333 0.8 1
1.419926 0.478921 2 4 0.4 1.413732 0.26562 2 5 0.5 0.923077 0.666667 0
1.149845 0.633866 2 4 0.4 1.196921 0.746553 3 3 0.3 0.833333 0.857143 1
1.196921 0.746553 3 3 0.3 1.196921 0.746553 3 3 0.3 1.0 1.0 1
1.413732 0.26562 2 5 0.5 1.413732 0.26562 2 5 0.5 1.0 1.0 1
1.282536 0.458798 2 5 0.5 1.413732 0.26562 2 5 0.5 0.857143 1.0 1
1.409033 0.374283 3 4 0.4 1.413732 0.26562 2 5 0.5 0.714286 0.666667 1
1.23433 0.456383 0 5 0.5 1.329071 -0.287352 0 5 0.5 0.6 1.0 1
1.054582 0.152128 0 5 0.5 1.329071 -0.287352 0 5 0.5 0.4 1.0 1
0.549675 0.963476 0 5 0.4 1.329071 -0.287352 0 5 0.5 0.4 0.666667 1
0.475845 0.777542 1 4 0.3 1.100974 0.270449 1 4 0.4 0.8 0.857143 1
1.170165 0.236643 1 4 0.3 1.100974 0.270449 1 4 0.4 0.8 0.857143 1
1.173517 0.388771 1 4 0.4 1.100974 0.270449 1 4 0.4 0.8 1.0 1
1.008805 0.66405 1 6 0.6 1.081068 0.808933 1 6 0.6 0.857143 1.0 1
1.069999 0.724418 1 6 0.6 1.081068 0.808933 1 6 0.6 0.857143 1.0 1
0.496929 0.990038 1 6 0.6 1.081068 0.808933 1 6 0.6 0.714286 1.0 1
1.092418 0.468676 0 11 0.6 1.287301 -0.169031 0 10 0.7 0.666667 0.923077 1
1.018275 0.322695 0 11 0.7 1.287301 -0.169031 0 10 0.7 0.666667 1.0 1
1.192999 0.222813 0 11 0.7 1.287301 -0.169031 0 10 0.7 0.666667 1.0 1
0.733318 0.808933 0 7 0.5 1.28492 0.434651 0 7 0.5 0.285714 1.0 1
0.786363 1.038332 0 7 0.5 1.28492 0.434651 0 7 0.5 0.285714 1.0 1
0.670313 1.074553 0 7 0.5 1.28492 0.434651 0 7 0.5 0.571429 1.0 1
0.768889 0.684575 1 9 0.4 1.020776 0.583156 1 9 0.4 0.7 1.0 1
1.036018 0.456383 1 9 0.6 1.020776 0.583156 1 9 0.4 0.7 0.8 1
0.546925 1.005734 1 9 0.4 1.020776 0.583156 1 9 0.4 0.7 1.0 1
0.558697 0.490189 1 4 0.4 0.998928 0.236643 1 4 0.3 0.8 0.571429 1
0.494975 0.456383 1 4 0.4 0.998928 0.236643 1 4 0.3 0.6 0.571429 1
0.641984 0.608511 1 4 0.4 0.998928 0.236643 1 4 0.3 0.6 0.571429 1
1.132948 0.067612 0 5 0.6 1.264064 0.574705 0 5 0.6 0.2 0.666667 0
0.773212 0.743736 0 5 0.5 1.201784 0.490189 0 5 0.4 0.8 0.666667 1
0.743063 0.70993 0 5 0.5 1.201784 0.490189 0 5 0.4 0.6 0.666667 1
0.744823 0.718381 0 4 0.4 0.489168 0.92967 0 5 0.2 0.666667 0.666667 0
1.317465 0.380319 0 4 0.3 1.586213 -0.021129 0 4 0.3 0.75 0.666667 1
1.325573 0.507093 0 4 0.3 1.153566 0.388771 2 3 0.2 0.222222 0.4 0
0.738241 0.557802 2 3 0.5 0.545763 0.43948 1 4 0.4 0.2 0.222222 0
0.568205 0.743736 2 3 0.4 0.250713 0.811348 1 4 0.4 0.6 0.5 0
0.424264 0.608511 1 4 0.4 0.478091 0.676123 1 4 0.5 0.6 0.666667 0
0.332738 0.591608 2 3 0.4 0.804008 0.169031 2 3 0.3 0.8 0.857143 1
0.425105 0.70993 2 3 0.4 0.804008 0.169031 2 3 0.3 0.6 0.857143 1
0.40708 0.405674 1 4 0.6 0.804008 0.169031 2 3 0.3 0.6 0.444444 1
0.441858 1.183216 2 5 0.4 0.928388 0.845154 2 5 0.4 0.857143 1.0 1
0.451 1.086627 1 6 0.5 0.928388 0.845154 2 5 0.4 0.714286 0.666667 1
0.637544 1.074553 2 5 0.5 0.928388 0.845154 2 5 0.4 0.714286 0.444444 1
0.654134 0.953817 2 5 0.4 0.928388 0.845154 2 5 0.4 0.714286 1.0 1
0.952976 0.325988 1 6 0.6 0.986646 0.036221 1 6 0.6 0.857143 1.0 1
1.166424 -0.096589 0 7 0.7 0.82003 -0.325988 1 6 0.5 0.428571 0.666667 0
0.501698 0.784786 1 6 0.4 0.986646 0.036221 1 6 0.6 0.571429 0.6 1
0.452769 0.523996 2 3 0.2 0.667083 0.118322 2 3 0.2 0.8 1.0 1
0.480327 1.132507 2 3 0.2 0.667083 0.118322 2 3 0.2 0.4 1.0 1
0.668509 0.323976 1 5 0.3 0.434248 1.267731 1 5 0.3 0.166667 0.666667 0
0.588986 0.521178 2 4 0.3 0.751031 0.183117 2 4 0.3 0.833333 1.0 1
0.638451 0.788811 0 6 0.4 0.443203 0.54935 2 4 0.4 0.333333 0.5 0
1.218846 0.390884 3 5 0.4 1.413732 0.26562 2 5 0.5 0.533333 0.666667 0
0.510602 1.267731 1 4 0.3 0.458777 1.211388 0 6 0.3 0.363636 0.666667 0
1.168638 -0.253546 1 5 0.6 1.327752 -0.096589 1 6 0.5 0.461538 0.909091 0
1.009597 -0.042258 2 4 0.5 0.418127 1.110774 2 5 0.3 0.307692 0.5 0
1.150983 0.704295 1 5 0.4 1.282576 0.642317 1 4 0.4 0.363636 0.5 0
0.650824 0.794445 1 4 0.4 0.220389 1.132507 1 4 0.3 0.2 0.285714 0
0.511999 0.354965 1 4 0.4 0.667083 0.118322 2 3 0.2 0.6 0.333333 0
1.375595 -0.063387 1 3 0.3 1.329071 -0.287352 0 5 0.5 0.444444 0.5 0
1.226784 0.067612 1 4 0.3 0.494734 0.394405 2 4 0.3 0.0 0.666667 0
0.750238 0.794445 1 4 0.4 1.105829 0.828251 0 5 0.3 0.2 0.571429 0
0.589794 0.828251 0 5 0.5 1.008299 0.422577 1 6 0.6 0.5 0.727273 0
1.046081 0.608511 2 3 0.2 0.596817 1.070529 0 6 0.4 0.181818 0.333333 0
0.784902 0.993056 0 4 0.3 0.784902 0.993056 0 4 0.3 1.0 1.0 1
0.599404 0.70993 2 3 0.3 0.658461 0.574705 2 3 0.2 0.8 0.8 1
0.6227 0.881375 3 4 0.4 0.495773 0.771203 3 5 0.4 0.533333 0.25 0
1.063015 -0.43948 0 5 0.3 0.210442 1.081797 0 5 0.3 0.2 0.666667 0
1.041976 0.760639 0 7 0.6 0.547101 0.784786 1 6 0.4 0.142857 0.4 0
0.747615 -0.612737 1 3 0.2 0.489168 0.92967 0 5 0.2 0.0 1.0 0
0.571756 0.943756 2 4 0.4 0.434248 1.267731 1 5 0.3 0.5 0.285714 0
0.492115 0.53124 2 5 0.4 0.868575 0.301841 2 5 0.5 0.285714 0.444444 0
0.650275 0.845154 1 5 0.3 0.533886 1.207363 2 5 0.3 0.615385 1.0 0
0.667083 0.642317 2 3 0.2 0.596817 1.070529 0 6 0.4 0.0 0.666667 0
1.244129 0.236643 1 4 0.3 1.329071 -0.287352 0 5 0.5 0.6 0.5 0
0.583707 0.828251 1 4 0.5 0.420034 0.946573 1 4 0.2 0.4 0.285714 0
1.250039 0.437944 2 9 0.4 1.130564 0.403796 0 9 0.5 0.3 0.444444 0
0.607101 1.014185 1 5 0.3 0.434248 1.267731 1 5 0.3 0.833333 1.0 1
0.403556 1.301538 0 5 0.3 1.105829 0.828251 0 5 0.3 0.8 1.0 1
0.95867 0.394405 2 4 0.4 0.675419 0.732467 0 6 0.4 0.333333 0.75 0
0.557951 0.866283 1 3 0.3 0.808438 -0.0 3 2 0.2 0.222222 0.8 0
0.976388 0.478921 2 4 0.3 0.418127 1.110774 2 5 0.3 0.307692 0.666667 0
0.852587 0.493007 4 2 0.2 0.675419 0.732467 0 6 0.4 0.0 0.666667 0
0.451189 0.845154 3 2 0.2 1.216846 0.388771 0 5 0.5 0.4 0.571429 0
0.909081 0.777542 1 4 0.4 1.105829 0.828251 0 5 0.3 0.2 0.571429 0
0.407957 1.132507 1 4 0.3 0.667083 0.118322 2 3 0.2 0.2 0.8 0
1.11963 0.92967 0 5 0.3 0.596817 1.070529 0 6 0.4 0.545455 0.571429 0
1.333408 0.359191 0 4 0.5 1.483842 -0.528221 0 4 0.3 0.5 0.5 0
1.483842 -0.528221 0 4 0.3 1.483842 -0.528221 0 4 0.3 1.0 1.0 1
1.159741 0.388771 0 5 0.4 1.234812 0.732467 2 4 0.4 0.181818 0.75 0
1.304662 0.642317 1 4 0.5 1.201784 0.490189 0 5 0.4 0.2 0.222222 0
1.151086 0.169031 1 4 0.4 1.201784 0.490189 0 5 0.4 0.4 0.5 0
0.926922 0.205252 1 6 0.6 0.846361 0.422577 0 8 0.5 0.533333 0.727273 0
1.045886 -0.156957 1 6 0.6 0.846361 0.422577 0 8 0.5 0.533333 0.727273 0
1.283689 0.523996 0 5 0.3 0.596817 1.070529 0 6 0.4 0.363636 0.571429 0
